# histogrammes_single.jl, 2026-09-29 16:35:18
# module 0, SPC-150N n° de série 3N0317
# fenêtre TAC 12.5084 ns, 256 canaux de 48.8609 ps ; temps_ns = centre du canal
# 5 histogramme(s) de 1.0 s, chacun repart de zéro
# paramètres relus : adc_resolution = 8, cfd_limit_low = -50.9804, cfd_zc_level = 0, collect_time = 1, dead_time_comp = 1, mode = 0, stop_on_ovfl = 1, stop_on_time = 1, sync_freq_div = 4, sync_threshold = -50.9804, sync_zc_level = 0, tac_gain = 4, tac_limit_high = 94.902, tac_limit_low = 5.09804, tac_offset = 0, tac_range = 50.0336
# h1 : 1.07 s, temps écoulé
# h2 : 1.07 s, temps écoulé
# h3 : 1.07 s, temps écoulé
# h4 : 1.07 s, temps écoulé
# h5 : 1.07 s, temps écoulé
canal,temps_ns,h1,h2,h3,h4,h5,somme
0,0.02443,0,0,0,0,0,0
1,0.07329,0,0,0,0,0,0
2,0.12215,0,0,0,0,0,0
3,0.17101,0,0,0,0,0,0
4,0.21987,0,0,0,0,0,0
5,0.26874,0,0,0,0,0,0
6,0.31760,0,0,0,0,0,0
7,0.36646,0,0,0,0,0,0
8,0.41532,0,0,0,0,0,0
9,0.46418,0,0,0,0,0,0
10,0.51304,0,0,0,0,0,0
11,0.56190,0,0,0,0,0,0
12,0.61076,0,0,0,0,0,0
13,0.65962,422,427,447,429,435,2160
14,0.70848,632,644,666,632,663,3237
15,0.75734,418,417,424,432,385,2076
16,0.80621,611,611,656,560,650,3088
17,0.85507,392,387,406,382,378,1945
18,0.90393,622,589,619,572,578,2980
19,0.95279,390,404,383,400,413,1990
20,1.00165,532,560,566,558,551,2767
21,1.05051,373,372,347,362,399,1853
22,1.09937,566,555,553,508,529,2711
23,1.14823,362,364,350,364,364,1804
24,1.19709,493,549,567,537,510,2656
25,1.24595,312,371,326,335,322,1666
26,1.29481,490,514,491,491,462,2448
27,1.34368,337,325,355,335,294,1646
28,1.39254,487,498,488,493,454,2420
29,1.44140,309,325,307,322,308,1571
30,1.49026,481,466,459,477,456,2339
31,1.53912,287,279,313,312,308,1499
32,1.58798,420,447,439,470,433,2209
33,1.63684,291,279,298,274,326,1468
34,1.68570,438,411,403,441,440,2133
35,1.73456,270,272,292,270,297,1401
36,1.78342,416,398,382,410,416,2022
37,1.83228,270,289,274,247,274,1354
38,1.88115,440,387,413,422,381,2043
39,1.93001,279,288,289,287,265,1408
40,1.97887,399,397,435,406,393,2030
41,2.02773,261,246,252,235,240,1234
42,2.07659,382,381,385,412,401,1961
43,2.12545,267,235,270,259,248,1279
44,2.17431,408,340,354,367,398,1867
45,2.22317,218,271,235,252,230,1206
46,2.27203,355,352,398,360,363,1828
47,2.32089,227,234,217,249,246,1173
48,2.36975,346,366,334,369,371,1786
49,2.41862,240,249,235,211,225,1160
50,2.46748,338,359,353,347,350,1747
51,2.51634,236,218,226,248,250,1178
52,2.56520,307,332,339,335,318,1631
53,2.61406,206,231,218,224,213,1092
54,2.66292,358,328,312,312,337,1647
55,2.71178,229,213,202,206,199,1049
56,2.76064,304,313,314,320,320,1571
57,2.80950,196,203,183,202,221,1005
58,2.85836,305,280,307,294,301,1487
59,2.90722,196,185,233,206,211,1031
60,2.95609,316,298,320,296,280,1510
61,3.00495,198,189,169,197,190,943
62,3.05381,269,303,280,247,268,1367
63,3.10267,191,181,186,191,186,935
64,3.15153,289,284,238,266,288,1365
65,3.20039,187,177,188,162,185,899
66,3.24925,285,262,267,269,270,1353
67,3.29811,179,186,200,166,183,914
68,3.34697,259,267,244,249,279,1298
69,3.39583,177,174,144,174,175,844
70,3.44469,240,258,230,261,237,1226
71,3.49356,169,181,193,173,160,876
72,3.54242,253,237,270,257,252,1269
73,3.59128,173,172,196,173,148,862
74,3.64014,242,248,220,242,263,1215
75,3.68900,155,168,161,169,155,808
76,3.73786,232,252,222,260,230,1196
77,3.78672,162,160,178,180,185,865
78,3.83558,227,263,245,226,233,1194
79,3.88444,138,160,149,169,159,775
80,3.93330,229,241,248,215,240,1173
81,3.98216,141,166,143,126,150,726
82,4.03103,217,204,213,232,182,1048
83,4.07989,143,138,170,160,135,746
84,4.12875,225,205,223,214,216,1083
85,4.17761,144,140,143,144,139,710
86,4.22647,228,216,216,193,235,1088
87,4.27533,141,133,144,148,150,716
88,4.32419,200,221,196,193,217,1027
89,4.37305,137,138,163,121,129,688
90,4.42191,177,205,194,211,215,1002
91,4.47077,144,148,138,151,159,740
92,4.51963,192,204,206,194,171,967
93,4.56850,101,144,144,129,134,652
94,4.61736,188,199,202,186,186,961
95,4.66622,138,117,122,139,139,655
96,4.71508,167,185,184,204,229,969
97,4.76394,116,142,147,105,131,641
98,4.81280,172,197,197,179,169,914
99,4.86166,120,125,145,127,138,655
100,4.91052,208,180,191,168,165,912
101,4.95938,122,143,128,127,134,654
102,5.00824,189,189,187,155,171,891
103,5.05710,106,114,113,120,119,572
104,5.10597,159,163,199,152,184,857
105,5.15483,122,104,122,118,124,590
106,5.20369,153,142,153,156,162,766
107,5.25255,106,91,111,100,114,522
108,5.30141,164,148,160,151,156,779
109,5.35027,120,123,114,113,102,572
110,5.39913,168,138,147,169,176,798
111,5.44799,103,101,111,90,110,515
112,5.49685,145,154,157,175,159,790
113,5.54571,127,112,103,117,109,568
114,5.59457,165,181,157,155,167,825
115,5.64344,101,108,95,104,118,526
116,5.69230,162,138,140,148,150,738
117,5.74116,94,92,109,96,110,501
118,5.79002,149,149,168,133,155,754
119,5.83888,110,90,105,97,107,509
120,5.88774,142,141,148,146,140,717
121,5.93660,108,96,76,100,101,481
122,5.98546,142,142,161,141,142,728
123,6.03432,85,100,100,103,88,476
124,6.08318,155,144,132,140,122,693
125,6.13204,95,115,95,100,98,503
126,6.18091,151,154,127,146,135,713
127,6.22977,79,91,98,86,106,460
128,6.27863,137,143,126,145,138,689
129,6.32749,91,99,71,93,104,458
130,6.37635,144,123,127,131,125,650
131,6.42521,88,82,85,81,86,422
132,6.47407,150,156,144,136,115,701
133,6.52293,78,75,84,87,66,390
134,6.57179,124,130,117,107,127,605
135,6.62065,83,88,101,85,86,443
136,6.66951,126,121,112,117,150,626
137,6.71838,102,86,77,74,76,415
138,6.76724,112,108,130,118,104,572
139,6.81610,78,85,95,97,79,434
140,6.86496,124,105,120,105,117,571
141,6.91382,82,86,74,87,79,408
142,6.96268,136,111,124,128,123,622
143,7.01154,79,84,85,76,72,396
144,7.06040,106,122,100,116,120,564
145,7.10926,80,77,81,78,66,382
146,7.15812,109,108,112,107,109,545
147,7.20698,84,80,74,89,65,392
148,7.25585,105,119,100,114,101,539
149,7.30471,70,80,86,79,88,403
150,7.35357,110,106,102,109,109,536
151,7.40243,68,91,77,78,71,385
152,7.45129,107,108,105,119,104,543
153,7.50015,65,78,65,77,66,351
154,7.54901,104,112,100,112,106,534
155,7.59787,55,75,68,72,57,327
156,7.64673,108,102,111,112,101,534
157,7.69559,84,74,61,63,88,370
158,7.74445,97,97,115,100,112,521
159,7.79332,55,77,61,63,60,316
160,7.84218,103,119,99,82,96,499
161,7.89104,63,63,67,80,68,341
162,7.93990,89,95,90,98,106,478
163,7.98876,55,62,66,73,61,317
164,8.03762,95,109,89,84,76,453
165,8.08648,68,70,53,79,67,337
166,8.13534,108,86,103,96,91,484
167,8.18420,57,61,52,55,57,282
168,8.23306,94,90,82,92,96,454
169,8.28192,58,59,57,77,69,320
170,8.33079,93,98,102,83,75,451
171,8.37965,48,61,60,59,59,287
172,8.42851,77,101,81,87,95,441
173,8.47737,60,59,67,60,50,296
174,8.52623,94,80,79,92,86,431
175,8.57509,60,53,51,51,63,278
176,8.62395,93,87,96,85,94,455
177,8.67281,40,58,63,48,48,257
178,8.72167,94,104,88,88,114,488
179,8.77053,56,65,70,55,61,307
180,8.81939,80,83,89,98,72,422
181,8.86826,57,64,49,55,55,280
182,8.91712,74,86,82,82,82,406
183,8.96598,62,58,55,57,58,290
184,9.01484,75,97,78,88,86,424
185,9.06370,58,58,49,53,53,271
186,9.11256,76,75,73,99,95,418
187,9.16142,50,49,50,51,44,244
188,9.21028,85,93,75,96,64,413
189,9.25914,56,52,58,34,45,245
190,9.30800,60,76,63,99,76,374
191,9.35686,58,56,61,62,57,294
192,9.40573,82,69,100,71,78,400
193,9.45459,55,53,47,54,51,260
194,9.50345,75,83,80,70,94,402
195,9.55231,40,54,47,57,51,249
196,9.60117,80,83,72,79,84,398
197,9.65003,48,65,49,47,58,267
198,9.69889,80,63,78,65,88,374
199,9.74775,50,49,60,48,48,255
200,9.79661,68,82,79,70,107,406
201,9.84547,46,59,54,40,53,252
202,9.89433,72,77,76,76,73,374
203,9.94320,53,52,32,44,44,225
204,9.99206,73,74,65,85,66,363
205,10.04092,52,54,44,45,48,243
206,10.08978,75,73,64,86,74,372
207,10.13864,44,52,55,45,53,249
208,10.18750,75,74,76,85,83,393
209,10.23636,53,41,29,50,58,231
210,10.28522,83,88,76,94,68,409
211,10.33408,55,82,95,62,91,385
212,10.38294,82,78,78,81,75,394
213,10.43180,0,0,0,0,0,0
214,10.48067,0,0,1,0,0,1
215,10.52953,0,0,0,0,0,0
216,10.57839,0,0,0,0,0,0
217,10.62725,0,0,0,0,0,0
218,10.67611,0,1,0,0,0,1
219,10.72497,0,0,0,0,0,0
220,10.77383,0,0,0,0,0,0
221,10.82269,0,0,0,0,0,0
222,10.87155,0,0,0,0,0,0
223,10.92041,0,0,0,0,0,0
224,10.96927,0,0,0,0,0,0
225,11.01814,0,0,0,0,0,0
226,11.06700,0,0,0,0,0,0
227,11.11586,0,0,0,0,0,0
228,11.16472,0,0,0,0,0,0
229,11.21358,0,0,0,0,0,0
230,11.26244,0,0,0,0,0,0
231,11.31130,0,0,0,0,0,0
232,11.36016,0,0,0,0,0,0
233,11.40902,0,0,0,0,0,0
234,11.45788,0,0,0,0,0,0
235,11.50674,0,0,0,0,0,0
236,11.55561,0,0,0,0,0,0
237,11.60447,0,0,0,0,0,0
238,11.65333,0,0,0,0,0,0
239,11.70219,0,0,0,0,0,0
240,11.75105,0,0,0,0,0,0
241,11.79991,0,0,0,0,0,0
242,11.84877,0,0,0,0,0,0
243,11.89763,0,0,0,0,0,0
244,11.94649,0,0,0,0,0,0
245,11.99535,0,0,0,0,0,0
246,12.04421,0,0,0,0,0,0
247,12.09308,0,0,0,0,0,0
248,12.14194,0,0,0,0,0,0
249,12.19080,0,0,0,0,0,0
250,12.23966,0,0,0,0,0,0
251,12.28852,0,0,0,0,0,0
252,12.33738,0,0,0,0,0,0
253,12.38624,0,0,0,0,0,0
254,12.43510,0,0,0,0,0,0
255,12.48396,0,0,0,0,0,0
